x1=1:1:1000;
y1=[5683.314073	3842.301295	2460.458694	2108.262459	1746.833444	1482.869937	1244.028095	954.3601597	915.5351915	863.2560964	706.8358861	556.5736167	422.1203263	373.8846558	326.3646539	242.7443038	241.179869	183.7387118	170.9653823	149.0919799	102.0437396	96.30780538	93.70386158	86.33292975	72.2174631	61.90711167	58.52529174	52.7275067	48.25595196	37.73765574	36.90796942	32.08961546	30.80200993	24.15725253	18.96568175	16.69498965	10.1995571	9.729994074	9.08737532	7.994278885	7.261910732	6.232304404	5.952082292	5.473516982	5.427349279	4.798928795	4.645670658	4.440247937	3.944020542	3.636737573	3.363030154	2.904975608	2.78083921	2.364705166	2.207330146	1.90723728	1.793778464	1.663844981	1.615516169	1.53163776	1.226395433	0.962668234	0.90656026	0.786390971	0.738433297	0.728599214	0.696491195	0.621784217	0.621784217	0.587298103	0.474561917	0.471079048	0.434949672	0.402768217	0.391271684	0.386554887	0.371439497	0.319159487	0.316767736	0.288937324	0.28394848	0.277075596	0.232333839	0.221784936	0.218513441	0.204977556	0.204114173	0.19743535	0.166481171	0.163037285	0.155615496	0.148106915	0.141958145	0.136846125	0.113815137	0.098671071	0.097683477	0.085824644	0.083583413	0.080498856	0.07787524	0.075973726	0.072029966	0.066149249	0.060922238	0.053456135	0.053352752	0.052999117	0.049534444	0.047367994	0.046150459	0.04542295	0.042251489	0.041678866	0.041416114	0.034030355	0.032320387	0.030372214	0.029221013	0.027597015	0.027225205	0.021207015	0.020298528	0.019772556	0.019564609	0.018033084	0.016521749	0.014841442	0.014841442	0.01432694	0.013871243	0.013372887	0.012656351	0.012226845	0.011992132	0.011989985	0.011964593	0.011588286	0.011530313	0.011058534	0.010631319	0.009983626	0.009785304	0.009622363	0.009535448	0.009443686	0.009371542	0.00933232	0.00928845	0.009168155	0.008945596	0.008815136	0.008387474	0.008358415	0.008088899	0.007966668	0.007966668	0.007966668	0.007906566	0.007431506	0.006902357	0.005290774	0.005004632	0.004918131	0.004904617	0.004757354	0.004705963	0.004589192	0.00458269	0.004466175	0.004466175	0.004372714	0.004334984	0.004216687	0.004093736	0.004093736	0.003957001	0.003937802	0.003934819	0.00389189	0.003846711	0.003683924	0.003622721	0.003531073	0.003382334	0.003324808	0.003321713	0.003321713	0.003172276	0.002972311	0.002677529	0.002677529	0.002662646	0.002530848	0.00155476	0.001523217	0.001507778	0.001504577	0.001504577	0.001154757	0.001099245	0.001079245	0.001074599	0.001070132	0.001070132	0.001023614	0.001023614	0.001023614	0.001022886	0.001010746	0.001007267	0.001007267	0.001006499	0.001000317	0.000998778	0.000895845	0.000806755	0.000806755	0.000806755	0.000806421	0.000803379	0.000793178	0.000792647	0.000786559	0.000780914	0.000770793	0.000758906	0.000758383	0.000757562	0.000756481	0.000751288	0.000742056	0.000725047	0.000711248	0.000710668	0.000710147	0.000705379	0.00070443	0.000702315	0.000702315	0.000615148	0.000615148	0.000615148	0.000611768	0.000608602	0.000608602	0.000608602	0.000602711	0.000596058	0.000596058	0.000596058	0.000593482	0.000591661	0.000577035	0.000543584	0.000503663	0.000481501	0.000451986	0.00045197	0.000451924	0.000444674	0.000444674	0.00044466	0.000444623	0.000443346	0.000442522	0.000442177	0.000442135	0.000419192	0.000418675	0.000411487	0.000406938	0.000398762	0.000398762	0.000393171	0.000348477	0.000347537	0.000346871	0.000346682	0.000346437	0.000346067	0.000338856	0.000338736	0.000338603	0.000338464	0.000333477	0.000325377	0.000325166	0.000323847	0.000321869	0.00032169	0.000262297	0.000262116	0.000261712	0.00026151	0.000261095	0.000260927	0.000260712	0.000259973	0.000259727	0.000259572	0.000235014	0.000234877	0.00023478	0.00023463	0.000208327	0.000166863	0.000162242	0.00016218	0.000162156	0.00016212	0.000162091	0.000162078	0.000161856	0.000160091	0.000159432	0.000159404	0.000159355	0.000158994	0.000158319	0.000157858	0.000157832	0.000157322	0.000157152	0.000157147	0.000157053	0.000157053	0.000157038	0.000157036	0.000157004	0.000116764	9.85E-05	9.85E-05	9.84E-05	9.84E-05	9.84E-05	9.84E-05	9.84E-05	8.95E-05	7.35E-05	7.35E-05	7.34E-05	7.33E-05	7.31E-05	7.31E-05	7.29E-05	7.29E-05	7.29E-05	7.29E-05	7.28E-05	7.28E-05	7.28E-05	7.26E-05	7.24E-05	7.24E-05	7.22E-05	7.20E-05	7.19E-05	7.17E-05	7.17E-05	7.17E-05	7.17E-05	7.17E-05	7.17E-05	7.17E-05	7.13E-05	6.89E-05	6.89E-05	6.89E-05	6.89E-05	6.89E-05	6.88E-05	6.88E-05	6.88E-05	5.40E-05	5.33E-05	5.05E-05	5.05E-05	5.05E-05	5.05E-05	5.04E-05	5.04E-05	5.03E-05	5.03E-05	4.67E-05	4.55E-05	4.55E-05	4.54E-05	4.54E-05	4.48E-05	4.46E-05	4.45E-05	4.45E-05	4.45E-05	4.45E-05	4.45E-05	4.45E-05	4.44E-05	4.44E-05	4.39E-05	4.35E-05	4.20E-05	4.09E-05	4.09E-05	4.09E-05	4.09E-05	4.08E-05	4.08E-05	4.07E-05	4.07E-05	4.07E-05	4.07E-05	4.07E-05	4.07E-05	4.07E-05	4.07E-05	3.98E-05	3.95E-05	3.95E-05	3.95E-05	3.93E-05	3.83E-05	3.77E-05	3.77E-05	3.77E-05	3.77E-05	3.77E-05	3.77E-05	3.25E-05	3.25E-05	3.25E-05	3.25E-05	3.25E-05	3.25E-05	3.25E-05	3.25E-05	3.25E-05	3.25E-05	3.25E-05	3.25E-05	3.25E-05	3.25E-05	3.25E-05	3.24E-05	3.23E-05	3.18E-05	3.15E-05	3.08E-05	2.93E-05	2.93E-05	2.93E-05	2.93E-05	2.89E-05	2.85E-05	2.85E-05	2.85E-05	2.85E-05	2.73E-05	2.73E-05	2.73E-05	2.73E-05	2.73E-05	2.73E-05	2.73E-05	2.73E-05	2.72E-05	2.72E-05	2.72E-05	2.72E-05	2.72E-05	2.72E-05	2.72E-05	2.72E-05	2.72E-05	2.72E-05	2.72E-05	2.72E-05	2.72E-05	2.72E-05	2.72E-05	2.72E-05	2.72E-05	2.72E-05	2.72E-05	2.72E-05	2.59E-05	2.59E-05	2.58E-05	2.57E-05	2.57E-05	2.57E-05	2.57E-05	2.57E-05	2.57E-05	2.57E-05	2.57E-05	2.57E-05	2.57E-05	2.57E-05	2.57E-05	2.57E-05	2.57E-05	2.54E-05	2.54E-05	2.54E-05	2.54E-05	2.54E-05	2.54E-05	2.54E-05	2.54E-05	2.54E-05	2.54E-05	2.54E-05	2.54E-05	2.54E-05	2.54E-05	2.54E-05	2.54E-05	2.54E-05	2.54E-05	2.54E-05	2.53E-05	2.53E-05	2.53E-05	2.53E-05	2.52E-05	2.52E-05	2.52E-05	2.52E-05	2.52E-05	2.52E-05	2.51E-05	2.51E-05	2.51E-05	2.51E-05	2.50E-05	2.49E-05	2.49E-05	2.49E-05	2.49E-05	2.49E-05	2.49E-05	2.49E-05	2.49E-05	2.49E-05	2.49E-05	2.49E-05	2.49E-05	2.49E-05	2.49E-05	2.48E-05	2.48E-05	2.48E-05	2.47E-05	2.47E-05	2.44E-05	2.43E-05	2.39E-05	2.32E-05	2.25E-05	2.23E-05	2.23E-05	2.23E-05	2.22E-05	2.22E-05	2.19E-05	2.19E-05	2.19E-05	2.19E-05	2.19E-05	2.19E-05	2.19E-05	2.19E-05	2.19E-05	2.19E-05	2.19E-05	2.19E-05	2.19E-05	2.19E-05	2.19E-05	2.19E-05	2.19E-05	2.19E-05	2.19E-05	2.19E-05	2.19E-05	2.19E-05	2.19E-05	2.17E-05	2.17E-05	2.17E-05	2.17E-05	2.17E-05	2.17E-05	2.17E-05	2.17E-05	2.17E-05	2.17E-05	2.17E-05	2.17E-05	2.12E-05	2.10E-05	2.09E-05	2.09E-05	2.09E-05	2.09E-05	2.09E-05	2.09E-05	2.09E-05	2.09E-05	2.09E-05	2.09E-05	2.09E-05	2.09E-05	2.09E-05	2.09E-05	2.09E-05	2.09E-05	2.09E-05	2.09E-05	2.09E-05	2.09E-05	2.09E-05	2.09E-05	2.09E-05	1.13E-05	7.42E-06	5.50E-06	5.50E-06	5.50E-06	5.50E-06	5.50E-06	5.50E-06	5.50E-06	5.50E-06	5.50E-06	5.50E-06	5.46E-06	5.45E-06	5.39E-06	5.38E-06	5.38E-06	5.38E-06	5.37E-06	5.37E-06	5.37E-06	5.37E-06	5.37E-06	5.37E-06	5.37E-06	5.37E-06	5.37E-06	5.37E-06	5.37E-06	5.37E-06	5.37E-06	5.37E-06	5.37E-06	5.37E-06	5.37E-06	5.37E-06	5.37E-06	4.81E-06	4.81E-06	4.81E-06	4.81E-06	4.45E-06	4.45E-06	4.45E-06	4.35E-06	4.31E-06	4.31E-06	4.31E-06	4.31E-06	4.31E-06	4.31E-06	4.31E-06	4.31E-06	4.31E-06	4.31E-06	4.31E-06	3.85E-06	3.85E-06	3.85E-06	3.85E-06	3.85E-06	3.85E-06	3.85E-06	3.85E-06	3.85E-06	3.85E-06	3.85E-06	3.85E-06	3.85E-06	3.85E-06	3.85E-06	3.13E-06	2.03E-06	2.03E-06	2.03E-06	2.03E-06	2.03E-06	2.03E-06	2.03E-06	2.03E-06	2.03E-06	2.03E-06	2.03E-06	2.03E-06	2.03E-06	2.03E-06	2.03E-06	2.03E-06	1.95E-06	1.95E-06	1.95E-06	1.95E-06	1.95E-06	1.95E-06	1.95E-06	1.95E-06	1.95E-06	1.95E-06	1.95E-06	1.95E-06	1.95E-06	1.30E-06	1.30E-06	1.30E-06	1.30E-06	1.30E-06	1.30E-06	1.30E-06	1.30E-06	1.30E-06	1.28E-06	1.28E-06	1.28E-06	1.28E-06	1.28E-06	1.27E-06	1.27E-06	1.27E-06	1.27E-06	1.27E-06	1.27E-06	1.23E-06	1.23E-06	1.23E-06	1.23E-06	1.23E-06	1.23E-06	1.23E-06	1.20E-06	1.20E-06	1.20E-06	1.20E-06	1.20E-06	1.20E-06	1.20E-06	1.20E-06	1.20E-06	1.20E-06	1.20E-06	1.20E-06	1.20E-06	1.20E-06	1.20E-06	1.20E-06	1.20E-06	1.20E-06	1.20E-06	1.20E-06	1.20E-06	1.20E-06	1.20E-06	1.20E-06	1.20E-06	1.20E-06	