x1=1:1:1000;
y1=[1098.048395	698.8391644	480.9878042	367.7378374	324.5702871	280.2419656	170.4295586	162.5789409	124.8944834	82.95833271	71.42530092	58.2994692	48.07405507	46.66373503	46.62043979	37.75004121	28.42053433	24.8192208	17.5821434	12.97984515	12.77814137	11.33946067	10.91444489	7.588904696	7.062660864	7.018422355	6.908809788	6.750702181	5.797167249	5.156682655	4.926454068	4.926454068	4.583959528	4.463125861	3.683605967	3.467465832	3.222065302	3.084396766	3.004301479	2.19362211	1.961859522	1.675236111	1.671222673	1.604170309	1.500557145	1.490822165	1.429173339	1.133883446	0.872223556	0.764210729	0.763702837	0.733252295	0.630182818	0.541935667	0.541935667	0.541935667	0.504559252	0.489451834	0.489451834	0.475107969	0.475107969	0.465538031	0.446859	0.301312016	0.287061944	0.287061944	0.284613784	0.262637103	0.260616257	0.219747148	0.219747148	0.20268774	0.158515405	0.118172652	0.118099798	0.118099798	0.096317712	0.095338059	0.092460359	0.089907988	0.067058225	0.067058225	0.062715285	0.053650972	0.048394904	0.041891397	0.041891397	0.041891397	0.041086318	0.038682768	0.037722094	0.036178202	0.035504301	0.033599569	0.032721872	0.031716865	0.031550575	0.027108663	0.027108663	0.024128121	0.023303582	0.022545122	0.021353595	0.020946568	0.01921078	0.01921078	0.018629067	0.016496377	0.016496377	0.016327377	0.014934167	0.014365854	0.013895256	0.013895256	0.013895256	0.01219377	0.010542514	0.009886426	0.008875216	0.007125366	0.007001391	0.005857067	0.005857067	0.005307985	0.005119215	0.004960638	0.003925553	0.003904577	0.003842947	0.003308401	0.002814076	0.002694939	0.00251767	0.002234558	0.002234558	0.002234558	0.001971864	0.001906295	0.001773726	0.0012848	0.0012848	0.0012848	0.001284238	0.001284238	0.001246011	0.001239662	0.001195711	0.001136925	0.001091806	0.001070463	0.00098668	0.000873007	0.00069767	0.00069767	0.00069767	0.00069767	0.000668646	0.000650733	0.000559643	0.000553231	0.00055207	0.00055207	0.000472676	0.000472676	0.00046565	0.00046565	0.000375366	0.000355991	0.000355991	0.000355991	0.000295829	0.000295829	0.000295829	0.000295829	0.000295829	0.000280992	0.000278902	0.000270814	0.000265887	0.000254489	0.000254489	0.000254489	0.000254489	0.000254489	0.000250605	0.000243721	0.000224117	0.000224117	0.000210572	0.00020467	0.00020467	0.000202867	0.00013835	0.00013835	0.000138079	0.000113669	0.000111086	0.000101469	9.98E-05	9.98E-05	9.98E-05	9.62E-05	9.62E-05	9.62E-05	9.62E-05	9.62E-05	9.62E-05	8.90E-05	8.90E-05	8.90E-05	8.90E-05	8.74E-05	8.74E-05	8.36E-05	8.19E-05	8.12E-05	7.58E-05	7.49E-05	7.49E-05	7.37E-05	6.79E-05	6.68E-05	6.41E-05	6.28E-05	6.19E-05	6.16E-05	6.14E-05	6.11E-05	6.10E-05	6.10E-05	5.95E-05	5.17E-05	4.74E-05	4.67E-05	4.62E-05	4.62E-05	3.98E-05	3.64E-05	3.50E-05	3.37E-05	3.12E-05	3.12E-05	3.12E-05	2.91E-05	2.48E-05	2.38E-05	2.38E-05	2.32E-05	2.32E-05	2.31E-05	2.31E-05	2.31E-05	2.11E-05	2.11E-05	2.06E-05	1.81E-05	1.71E-05	1.70E-05	1.66E-05	1.62E-05	1.61E-05	1.61E-05	1.61E-05	1.61E-05	1.60E-05	1.58E-05	1.58E-05	1.53E-05	1.49E-05	1.46E-05	1.46E-05	1.46E-05	1.44E-05	1.43E-05	1.39E-05	1.34E-05	1.34E-05	1.34E-05	1.33E-05	1.31E-05	1.21E-05	1.17E-05	1.16E-05	1.16E-05	1.15E-05	1.15E-05	1.15E-05	1.15E-05	1.13E-05	1.13E-05	1.12E-05	1.12E-05	1.10E-05	1.10E-05	1.08E-05	1.06E-05	1.06E-05	1.04E-05	1.03E-05	1.03E-05	1.03E-05	1.03E-05	1.03E-05	1.00E-05	9.16E-06	9.16E-06	9.16E-06	9.16E-06	8.94E-06	8.72E-06	8.57E-06	8.56E-06	8.56E-06	8.55E-06	8.52E-06	8.52E-06	8.52E-06	8.52E-06	8.52E-06	8.52E-06	8.47E-06	7.75E-06	7.75E-06	7.74E-06	7.74E-06	7.57E-06	7.30E-06	7.28E-06	7.19E-06	7.17E-06	7.11E-06	7.08E-06	7.07E-06	7.03E-06	7.02E-06	6.97E-06	6.95E-06	6.92E-06	5.74E-06	4.38E-06	4.38E-06	4.31E-06	4.28E-06	4.28E-06	4.27E-06	4.26E-06	4.25E-06	4.24E-06	4.24E-06	4.24E-06	4.24E-06	4.21E-06	4.20E-06	4.20E-06	4.20E-06	3.94E-06	3.94E-06	3.94E-06	3.94E-06	3.94E-06	3.93E-06	3.92E-06	3.91E-06	3.90E-06	3.90E-06	3.87E-06	3.86E-06	3.86E-06	3.86E-06	3.86E-06	3.05E-06	3.05E-06	3.05E-06	3.05E-06	3.05E-06	3.04E-06	3.01E-06	2.95E-06	2.79E-06	2.79E-06	2.68E-06	2.63E-06	2.63E-06	2.62E-06	2.62E-06	2.58E-06	2.55E-06	2.54E-06	2.53E-06	2.53E-06	2.53E-06	2.53E-06	2.52E-06	2.52E-06	2.51E-06	2.51E-06	2.51E-06	2.51E-06	2.51E-06	2.50E-06	2.50E-06	2.50E-06	2.50E-06	2.16E-06	2.16E-06	2.12E-06	2.12E-06	2.12E-06	2.12E-06	2.12E-06	2.11E-06	2.11E-06	2.11E-06	2.11E-06	2.11E-06	2.11E-06	2.05E-06	2.05E-06	2.05E-06	2.04E-06	2.04E-06	2.04E-06	2.04E-06	2.04E-06	2.04E-06	2.04E-06	2.04E-06	2.04E-06	2.02E-06	2.02E-06	2.02E-06	2.02E-06	1.93E-06	1.68E-06	1.67E-06	1.67E-06	1.27E-06	1.27E-06	1.27E-06	1.27E-06	1.27E-06	1.26E-06	1.26E-06	1.26E-06	1.26E-06	1.26E-06	1.26E-06	1.26E-06	1.26E-06	1.26E-06	1.26E-06	1.24E-06	1.24E-06	1.24E-06	1.24E-06	1.24E-06	1.24E-06	1.24E-06	1.24E-06	1.24E-06	1.24E-06	1.23E-06	1.23E-06	1.23E-06	1.23E-06	1.23E-06	1.23E-06	1.23E-06	1.23E-06	1.23E-06	1.23E-06	1.23E-06	1.23E-06	1.23E-06	1.23E-06	1.23E-06	1.23E-06	1.23E-06	1.23E-06	1.22E-06	1.22E-06	1.22E-06	1.22E-06	1.22E-06	1.22E-06	1.22E-06	1.22E-06	1.22E-06	1.22E-06	1.22E-06	1.22E-06	1.22E-06	1.22E-06	1.22E-06	1.22E-06	1.22E-06	1.22E-06	1.22E-06	1.22E-06	1.22E-06	1.22E-06	1.22E-06	1.22E-06	1.22E-06	1.22E-06	1.22E-06	1.22E-06	1.22E-06	1.22E-06	1.22E-06	1.21E-06	1.20E-06	1.20E-06	1.20E-06	1.20E-06	1.20E-06	1.20E-06	1.20E-06	1.20E-06	1.20E-06	1.20E-06	1.20E-06	1.20E-06	1.20E-06	1.10E-06	1.10E-06	1.10E-06	1.10E-06	1.08E-06	1.08E-06	1.08E-06	1.08E-06	1.08E-06	1.08E-06	1.08E-06	1.08E-06	1.08E-06	1.08E-06	1.08E-06	1.08E-06	1.08E-06	1.08E-06	1.08E-06	1.08E-06	1.07E-06	1.07E-06	1.07E-06	1.07E-06	1.07E-06	1.07E-06	1.07E-06	1.07E-06	1.07E-06	1.07E-06	1.07E-06	1.07E-06	1.07E-06	1.07E-06	1.07E-06	1.07E-06	9.51E-07	9.45E-07	8.51E-07	8.27E-07	8.27E-07	8.26E-07	8.26E-07	8.26E-07	8.26E-07	8.26E-07	8.26E-07	8.26E-07	8.26E-07	8.26E-07	8.26E-07	7.62E-07	7.33E-07	7.33E-07	7.33E-07	5.68E-07	5.68E-07	5.68E-07	5.68E-07	5.68E-07	5.68E-07	5.68E-07	5.68E-07	5.68E-07	5.68E-07	5.68E-07	5.68E-07	5.65E-07	5.63E-07	5.63E-07	5.63E-07	5.63E-07	5.63E-07	5.63E-07	5.63E-07	5.63E-07	5.63E-07	5.63E-07	5.63E-07	5.63E-07	5.63E-07	5.63E-07	5.63E-07	5.63E-07	5.63E-07	5.63E-07	5.63E-07	5.63E-07	5.63E-07	5.63E-07	5.63E-07	5.63E-07	5.63E-07	5.63E-07	5.63E-07	5.63E-07	5.63E-07	4.40E-07	4.32E-07	4.31E-07	4.31E-07	4.31E-07	4.31E-07	4.31E-07	4.31E-07	4.31E-07	4.31E-07	4.31E-07	4.31E-07	4.31E-07	4.31E-07	4.31E-07	4.31E-07	4.31E-07	4.31E-07	3.91E-07	3.85E-07	3.85E-07	3.85E-07	3.83E-07	3.78E-07	3.78E-07	3.72E-07	3.63E-07	3.55E-07	3.29E-07	2.86E-07	2.86E-07	2.82E-07	2.79E-07	2.79E-07	2.79E-07	2.79E-07	2.79E-07	2.79E-07	2.79E-07	2.79E-07	2.79E-07	2.79E-07	2.79E-07	2.79E-07	2.79E-07	2.79E-07	2.79E-07	2.79E-07	2.74E-07	2.73E-07	2.73E-07	2.73E-07	2.73E-07	2.73E-07	2.73E-07	2.73E-07	2.73E-07	2.73E-07	2.73E-07	2.73E-07	2.73E-07	2.73E-07	2.73E-07	2.73E-07	2.73E-07	2.73E-07	2.51E-07	2.51E-07	2.43E-07	2.41E-07	2.40E-07	2.40E-07	2.40E-07	2.40E-07	2.40E-07	2.40E-07	2.40E-07	2.40E-07	2.40E-07	2.40E-07	2.40E-07	2.40E-07	2.40E-07	2.40E-07	2.38E-07	2.38E-07	2.38E-07	2.38E-07	2.38E-07	2.38E-07	2.38E-07	2.38E-07	2.38E-07	2.38E-07	2.38E-07	2.36E-07	2.36E-07	2.36E-07	2.36E-07	2.36E-07	2.36E-07	2.36E-07	2.36E-07	2.36E-07	2.36E-07	2.36E-07	2.36E-07	2.36E-07	2.35E-07	2.35E-07	2.35E-07	2.35E-07	2.35E-07	2.35E-07	2.35E-07	2.35E-07	2.35E-07	2.35E-07	2.35E-07	2.35E-07	2.35E-07	2.35E-07	2.35E-07	1.17E-07	1.17E-07	1.17E-07	1.17E-07	1.17E-07	1.17E-07	1.17E-07	1.17E-07	1.17E-07	1.17E-07	1.17E-07	1.17E-07	1.16E-07	1.16E-07	1.16E-07	1.16E-07	1.16E-07	1.16E-07	1.16E-07	1.16E-07	1.16E-07	1.16E-07	1.16E-07	8.71E-08	8.71E-08	8.71E-08	8.36E-08	8.25E-08	8.25E-08	8.25E-08	8.25E-08	8.25E-08	8.25E-08	8.25E-08	8.25E-08	8.25E-08	8.25E-08	8.25E-08	8.25E-08	8.25E-08	8.25E-08	8.06E-08	8.06E-08	8.06E-08	8.06E-08	8.06E-08	8.06E-08	8.06E-08	8.06E-08	8.06E-08	8.06E-08	8.06E-08	8.06E-08	8.06E-08	8.06E-08	8.06E-08	8.06E-08	5.01E-08	4.91E-08	4.77E-08	4.77E-08	4.77E-08	4.77E-08	4.55E-08	4.55E-08	4.55E-08	4.55E-08	4.55E-08	4.55E-08	4.55E-08	4.55E-08	4.38E-08	4.38E-08	4.38E-08	4.38E-08	4.38E-08	4.38E-08	4.38E-08	4.36E-08	4.36E-08	