x1=1:1:1000;
y1=[332.2236557	288.9656023	248.0490147	222.0730663	209.3838772	202.6960659	192.82786	189.85684	178.1097692	175.2532006	165.0243104	144.2710176	138.447755	138.241878	129.74729	122.0667979	117.8647604	108.1176007	107.2686633	107.2686633	101.0329385	100.1600802	97.95784836	95.74641224	86.45744246	84.24989294	79.1055253	76.85387636	76.46376259	73.51836184	65.37004513	65.1292613	65.06145852	65.02477358	65.02477358	63.41074646	59.10334593	58.32389621	53.48403094	50.47539079	43.02977389	43.01027291	41.46912341	41.44603512	41.12295364	37.79493769	37.79493769	37.4871764	34.69920169	33.67448208	32.06102564	31.46256082	31.46256082	29.20760903	27.39749433	27.34070037	27.34070037	27.34070037	26.70411362	25.59498897	23.58678239	23.55188917	23.52143858	23.44374406	22.64500044	21.93113464	21.35239698	20.27375428	18.72687368	18.69493712	18.65578372	16.93644337	16.69199058	13.77579218	13.75422976	13.60290485	12.93270655	12.93270655	12.19554869	12.19554869	11.84485337	11.79053449	11.70277341	11.65349596	11.50084985	11.44652516	11.32003463	10.47185393	10.47185393	10.44177539	10.19201311	10.19201311	9.208448766	9.208448766	9.198698271	9.193233616	9.047987517	8.969411366	8.47667422	8.413842393	8.231529215	8.214223337	8.122971271	8.108278612	8.056992141	7.845136157	7.845136157	7.82822751	7.754632444	7.68615747	7.614613263	7.601570678	7.593422774	7.582913251	7.527957745	7.507696564	7.505007046	7.497371596	7.478303987	7.478303987	7.36462999	7.357870794	7.352437523	7.320242205	7.310628973	7.292195022	7.255938565	7.255938565	7.186490101	7.133655847	7.133655847	7.123063898	7.115636019	7.106855528	7.096646765	7.096646765	7.096002879	7.080741445	7.080741445	6.310598214	6.11233705	6.11233705	6.062290394	6.060092299	6.054169204	5.71548427	5.080317983	5.058576485	5.054655505	5.054655505	5.041985408	5.041985408	5.022217993	5.02098417	5.014437028	5.014365988	5.014035029	5.009851008	5.008811642	5.007212904	5.006879929	5.006879929	5.006366444	5.006366444	5.005413887	5.003971394	5.001903112	5.000334334	4.996632327	4.56498139	4.008998872	4.008998872	4.00772364	4.006911168	4.006911168	4.005808306	4.005185429	4.004975286	4.004829923	4.00382622	4.003361014	3.997172807	3.997172807	3.997172807	3.99713467	3.99648603	3.996407503	3.996168028	3.99336327	3.989649092	3.988139683	3.986565079	3.986401941	3.986274207	3.986274207	3.985997858	2.990938548	2.990938548	2.990752799	2.990752799	2.990752799	2.990752799	2.990549856	2.374914504	2.372701345	2.01841502	1.998108286	1.998108286	1.998054722	1.997320667	1.996017032	1.995561873	1.995530699	1.99529319	1.748075409	1.39985997	1.39807696	1.290527353	1.28700817	1.218232826	1.217665985	1.207557034	1.205221521	1.204541094	1.204187259	1.203844772	1.202755522	1.20177527	1.201010671	1.200518349	1.200349398	1.198824822	1.198398551	1.197966302	1.197831357	1.197699841	1.197122905	1.196652174	1.196244676	1.194174562	1.193576386	1.193540584	1.193197368	1.177772977	1.175763282	0.951343859	0.254259289	0.235109308	0.226722249	0.226588975	0.226353366	0.202359613	0.201838196	0.200945895	0.178028772	0.176772298	0.176397974	0.173704293	0.171834414	0.13620236	0.12119216	0.12039319	0.119421281	0.11941266	0.11588639	0.113845073	0.080952107	0.080614889	0.080549925	0.080467083	0.080124312	0.079400956	0.079226421	0.079136234	0.078925867	0.072240078	0.067050872	0.060730855	0.060356	0.058724391	0.058651004	0.057849272	0.057399322	0.057334943	0.057148169	0.057119945	0.05481087	0.053568124	0.045824917	0.045660544	0.045640587	0.014673409	0.013675128	0.013675128	0.013229484	0.013229484	0.013229484	0.01291345	0.012866059	0.012866059	0.012785561	0.012719106	0.01148688	0.011485556	0.011485556	0.011481585	0.011401435	0.011234723	0.011172826	0.011117656	0.0108706	0.010390843	0.010349033	0.010330669	0.010251606	0.010231207	0.010231207	0.006797374	0.006797374	0.006742114	0.006402836	0.006402836	0.006381517	0.006338797	0.006302965	0.006302592	0.006302592	0.006297763	0.006285153	0.006098404	0.006098404	0.005956233	0.005956233	0.005956233	0.005445438	0.00543193	0.005429535	0.005427634	0.005427634	0.005324499	0.003962886	0.003962886	0.003566411	0.003566411	0.003566298	0.003566298	0.003495458	0.003202334	0.003202334	0.003050334	0.00291829	0.002895851	0.002875584	0.002870668	0.002870668	0.002870668	0.002869558	0.002869558	0.002869558	0.002738849	0.002605359	0.002604834	0.002603474	0.002599914	0.002515069	0.002501777	0.002409493	0.002375262	0.002353941	0.002353941	0.002351243	0.002349971	0.002345821	0.001274831	0.001274831	0.001274831	0.001274831	0.001274831	0.001249109	0.001244652	0.001241972	0.00124181	0.00124181	0.001239007	0.0012386	0.00123847	0.001237924	0.001237739	0.001237695	0.001236487	0.001236	0.001098841	0.001074931	0.001074931	0.001074931	0.001074931	0.001074931	0.001008578	0.000990467	0.000990467	0.000989145	0.000988336	0.000986483	0.000986483	0.000889177	0.000860293	0.000860293	0.000848824	0.000848824	0.000737603	0.000701612	0.000671818	0.00064482	0.000644818	0.000644818	0.000630855	0.000618109	0.000614766	0.000614766	0.000614136	0.000612022	0.000612022	0.000612022	0.000612022	0.000612005	0.000611975	0.000611907	0.000611727	0.000610378	0.000609231	0.000563906	0.000548976	0.000524346	0.000524346	0.000524346	0.000524346	0.000524346	0.000524181	0.000524089	0.000523971	0.000521054	0.000521054	0.000521054	0.000521053	0.000521053	0.000521047	0.00052104	0.00052104	0.00052104	0.00052104	0.00052104	0.00052104	0.00052104	0.00052104	0.000520847	0.000520611	0.000520611	0.000476202	0.000445954	0.000445321	0.000373497	0.000318937	0.000231841	0.000217639	0.000201128	0.000197984	0.000194203	0.000173672	0.000171786	0.000171499	0.000157696	0.000156774	0.000155501	0.000155501	0.000155499	0.000155499	0.000155499	0.000155498	0.000155487	0.000155479	0.000155444	0.000155443	0.000155443	0.000154996	0.00015452	0.000153911	0.000148013	0.000148013	0.000147062	0.000120179	0.000107	0.000106732	0.000106732	0.000103038	0.000103038	0.000102857	0.000102857	6.24E-05	6.22E-05	6.22E-05	6.19E-05	6.19E-05	6.19E-05	6.19E-05	6.19E-05	6.19E-05	6.19E-05	6.19E-05	6.19E-05	6.17E-05	5.71E-05	5.60E-05	5.58E-05	5.16E-05	5.12E-05	4.81E-05	4.81E-05	4.68E-05	4.68E-05	4.68E-05	4.68E-05	4.68E-05	4.68E-05	4.68E-05	4.68E-05	4.68E-05	4.68E-05	4.68E-05	4.68E-05	4.68E-05	4.68E-05	4.67E-05	4.67E-05	4.66E-05	4.66E-05	4.62E-05	4.62E-05	4.62E-05	4.62E-05	4.62E-05	4.28E-05	4.21E-05	4.20E-05	3.90E-05	3.80E-05	3.80E-05	3.55E-05	3.55E-05	3.55E-05	3.55E-05	3.55E-05	3.55E-05	3.44E-05	3.37E-05	3.28E-05	3.25E-05	3.25E-05	3.25E-05	3.25E-05	3.25E-05	3.25E-05	3.25E-05	3.23E-05	3.23E-05	3.23E-05	3.22E-05	3.22E-05	3.22E-05	3.12E-05	1.48E-05	1.48E-05	1.48E-05	1.42E-05	1.14E-05	1.08E-05	1.08E-05	1.08E-05	1.08E-05	1.07E-05	1.07E-05	1.07E-05	1.07E-05	1.07E-05	1.07E-05	1.07E-05	1.07E-05	1.07E-05	1.07E-05	1.07E-05	8.78E-06	8.49E-06	8.49E-06	8.49E-06	8.49E-06	8.49E-06	8.49E-06	8.49E-06	8.49E-06	8.49E-06	8.49E-06	8.49E-06	8.49E-06	8.49E-06	8.49E-06	8.49E-06	8.49E-06	8.49E-06	8.49E-06	8.48E-06	8.48E-06	8.45E-06	8.38E-06	8.38E-06	8.38E-06	8.17E-06	8.13E-06	8.13E-06	8.13E-06	8.13E-06	8.13E-06	8.13E-06	8.13E-06	8.13E-06	8.13E-06	8.13E-06	8.13E-06	8.13E-06	8.13E-06	7.24E-06	6.14E-06	6.14E-06	5.97E-06	5.97E-06	5.96E-06	5.61E-06	5.48E-06	5.45E-06	5.45E-06	5.45E-06	5.45E-06	5.45E-06	5.45E-06	5.45E-06	5.45E-06	5.45E-06	5.45E-06	5.45E-06	5.45E-06	5.45E-06	5.45E-06	5.45E-06	5.45E-06	5.45E-06	5.45E-06	5.45E-06	5.45E-06	5.45E-06	5.45E-06	5.45E-06	5.45E-06	5.45E-06	5.39E-06	5.07E-06	5.07E-06	5.07E-06	5.07E-06	5.07E-06	5.05E-06	5.05E-06	5.05E-06	5.05E-06	5.05E-06	4.95E-06	4.95E-06	4.95E-06	4.95E-06	4.86E-06	4.86E-06	4.86E-06	4.86E-06	4.86E-06	4.86E-06	4.86E-06	4.86E-06	4.86E-06	4.86E-06	4.86E-06	4.59E-06	4.59E-06	4.59E-06	4.57E-06	4.57E-06	4.57E-06	4.44E-06	4.44E-06	4.44E-06	4.43E-06	4.42E-06	4.42E-06	4.41E-06	4.26E-06	4.26E-06	4.25E-06	4.25E-06	4.25E-06	4.25E-06	2.41E-06	2.41E-06	2.38E-06	2.38E-06	2.38E-06	2.38E-06	2.38E-06	2.38E-06	2.38E-06	2.38E-06	2.38E-06	2.38E-06	2.38E-06	2.34E-06	2.34E-06	2.34E-06	2.34E-06	2.33E-06	2.33E-06	2.30E-06	2.30E-06	2.30E-06	