x1=1:1:1000;
y1=[8553883.625	4160768.514	3175172.924	1485222.182	1242590.585	896410.6791	764024.1897	536431.8154	470847.4796	344126.8382	210450.8963	183397.9882	147567.171	96492.37914	64470.87916	54018.6685	48004.87502	38762.44277	33939.34565	20810.00656	17006.268	14338.15289	11935.77987	8923.027142	7131.915139	5386.854271	3323.183423	3144.643208	2371.567287	2305.49011	1792.008912	1462.596009	1354.432136	1219.625083	1139.451599	1113.904958	988.3045505	864.2455082	832.3964114	795.5205865	757.8987916	718.1065954	610.7283824	559.8860294	524.3194647	502.9127587	454.0907248	450.2943262	442.8666146	428.0538176	399.5070711	372.9441816	367.2017915	348.7611114	328.150287	313.8118934	300.7403726	295.7312808	290.031393	276.8008146	270.5499698	262.6944919	260.3869191	246.6825014	244.830329	227.5984737	213.4773828	172.3882368	161.5179427	159.5228743	132.7865625	124.7691844	119.4959286	117.3546372	116.8305927	116.0406847	111.0852183	110.0015854	107.5911702	105.0398836	104.7644784	103.9045437	103.5057842	97.92894251	96.65261842	93.6501179	93.61909342	92.73599462	92.73599462	91.12540661	90.19418717	89.66022791	89.51883583	89.33117682	89.01771918	88.75997469	88.28834117	88.22598916	87.12667558	86.97837729	85.69791602	84.79484854	84.79371344	84.64386306	84.61910958	84.40358899	84.10329935	84.05908713	83.71593726	83.42684221	83.09559618	83.00363029	82.61419904	82.40693527	82.36078222	82.27068004	82.27068004	82.20007002	81.88183136	81.88183136	81.80819432	81.75365899	81.7066272	81.6993863	81.52728841	81.52728841	81.50054718	81.3814842	81.35137077	81.21406416	81.15877019	81.13539626	81.12371718	81.10747009	81.04556243	80.97662571	80.97662571	80.87324647	80.87264026	80.86689626	80.85070329	80.83871879	80.81869542	80.72325913	80.68189851	80.59819593	80.59819593	80.56899937	80.54412041	80.54412041	80.5268688	80.49596752	80.45836454	80.45015827	80.42171101	80.40983031	80.40613344	80.35932715	80.31797242	80.30823842	80.28152782	80.19157041	80.19157041	80.18781932	80.15311188	80.15255509	80.14003257	80.14003257	80.10998441	80.10376935	80.10129156	80.08649987	80.06833225	80.02765115	80.02765115	80.02750996	80.02498768	79.99397102	79.98322885	79.97267353	79.93318516	79.93318516	79.92744225	79.91631382	79.90855044	79.90458577	79.90433123	79.88789302	79.87321894	79.8667259	79.82275304	79.82275304	79.82275304	79.80477668	79.80430972	79.79059907	79.78984541	79.78984541	79.78508737	79.77806963	79.77634916	79.77634916	79.74943969	79.74611768	79.74571576	79.74566778	79.73499901	79.68208505	79.67303956	79.67279201	79.67236497	79.67236497	79.67175128	79.66960696	79.65329484	79.63167251	79.61530654	79.6149845	79.61449713	79.61068032	79.6089025	79.60558927	79.60553509	79.60553509	79.60553509	79.59880095	79.5987928	79.5987928	79.59720178	79.57442136	79.57331292	79.56353428	79.5630624	79.56019587	79.5594664	79.55943647	79.55939633	79.54999491	79.54210062	79.54210062	79.54210062	79.54210062	79.54210062	79.54210062	79.54210062	79.53045915	79.52143567	79.50102461	79.47847365	79.47192682	79.47192682	79.47179841	79.46577189	79.46577189	79.40501002	79.40454372	79.40435884	79.40433364	79.40430321	79.36525679	79.35854636	79.34501325	79.34239548	79.34239548	79.33912864	79.33882373	79.33351069	79.33303353	79.33303353	79.33303353	79.33250169	79.33213173	79.331979	79.32933442	79.31938928	79.31938928	79.31770956	79.3176901	79.31765463	79.31765463	79.3171325	79.31539262	79.31530248	79.3127214	79.29999552	79.29723708	79.29723708	79.29644954	79.29592339	79.28631819	79.28631819	79.2858835	79.28557743	79.21241108	79.19414208	79.19414208	79.15806241	79.15717006	79.14639458	79.14045501	79.14045501	79.13936758	79.09443681	79.09207631	79.07191825	79.06971914	79.06840013	79.06720995	79.06623237	79.06396005	79.06396005	79.03915987	79.03915987	79.03871127	79.03454162	79.03164186	79.02895175	78.98655622	78.98655622	78.98630871	78.98630871	78.98086036	78.98086036	78.98086036	78.97486186	78.97472993	78.96520423	78.96061937	78.96061937	78.96061937	78.95964346	78.95964346	78.89105826	78.74059524	78.73399542	78.7184367	78.62830115	78.60304088	78.59689376	78.59561932	78.59561932	78.56780097	78.56651436	78.56651436	78.56651436	78.56649744	78.56649744	78.56526914	78.56288242	78.56288242	78.56288242	78.53629975	78.50365834	78.48453727	78.47229762	78.44709735	78.42452784	78.42452784	78.40091422	78.38630601	78.38630601	78.38504581	78.34860014	78.34860014	78.32524304	78.32047403	78.32003673	78.25167762	78.24574698	78.23158676	78.22905069	78.22905069	78.13587608	78.0981845	78.09679196	78.09679196	78.03935195	78.03101225	78.03101225	78.03101225	78.03036196	78.0294259	77.99687486	77.99604727	77.9829743	77.97477456	77.97238769	77.96822247	77.96533465	77.96085456	77.96080489	77.96000925	77.96000925	77.95979595	77.95893898	77.95893898	77.95887231	77.95883806	77.95883806	77.93287052	77.92658514	77.92658514	77.92623383	77.85999378	77.85766043	77.85725808	77.78143006	77.74193265	77.73696043	77.72929515	77.72929515	77.72929515	77.71885315	77.64670492	77.64670492	77.64670492	77.53783307	77.44243641	77.28542747	77.28542747	77.28542747	77.15454755	77.15154256	77.15154256	77.15154256	77.13946081	77.12927963	77.12927963	77.09952168	76.95046469	76.82196723	76.81994306	76.74124326	76.6904803	76.4012226	76.32881858	76.32881858	76.32881858	76.29123874	76.1807233	76.16814219	76.16814219	76.16810109	76.14187167	76.08434367	76.08024293	76.08024293	75.83475745	75.45988293	75.10998308	74.74555813	74.69865019	74.69865019	74.6391322	74.57852355	74.48362932	74.48053631	74.3313582	73.73577773	73.54713421	73.51281934	73.38563031	73.23959038	73.23959038	73.20206501	73.06424976	72.96950019	72.84325927	72.77363834	72.69790633	72.57900367	72.37246668	72.26495536	72.25137347	71.9463046	71.72110557	71.72110557	71.71330709	71.68688491	71.67422682	71.66010662	71.53604178	71.00928205	69.95466452	69.75925532	69.70017015	68.84629826	68.60643996	68.54279282	68.54279282	68.54279282	68.54279282	68.20093184	68.03823744	68.03823744	68.03823744	68.03823744	68.00092592	66.41723305	65.0615785	65.0615785	65.0291986	64.9953151	64.99053979	64.80490897	64.79221467	64.70154756	64.37601333	64.2894476	64.22125526	64.20030468	63.96208163	63.70314027	63.69743214	63.00420572	61.81025886	61.81025886	61.62942034	55.26343539	55.23125742	55.01375045	50.16676007	49.89446322	49.72428137	49.65627495	49.50344773	48.339899	38.56909576	38.56909576	37.7474498	37.00725289	36.99645687	36.99645687	36.22311461	36.19012484	36.0998234	36.0998234	36.08840009	35.88513837	35.86505203	35.86347232	35.8608296	34.21912358	34.13553533	32.11319558	31.92615385	31.87264507	29.26961369	29.06212891	28.91873385	28.91873385	28.91873384	28.61358521	28.52149103	28.51264337	28.49122925	28.33387164	28.29444077	28.26950157	28.25290469	28.19933723	28.18882505	28.06912819	28.06330796	28.05848159	28.05845359	27.86492539	27.84806223	27.69356627	27.6867336	27.64921561	27.64921561	27.6479894	27.63950216	27.63950216	27.63810246	27.63712828	27.6369762	27.61824585	27.61422075	27.61393383	27.61390955	27.61163109	27.60915452	27.60195486	27.59632272	27.57781964	27.5760421	26.91822284	26.89622601	26.89622601	26.89622601	26.88969141	26.80694346	26.80662046	26.80550201	26.80531023	26.80525236	26.79721284	26.78651909	26.78278344	26.78278344	26.77416858	26.77416858	26.7738951	26.76988293	26.74998472	26.74998472	26.74995273	26.74994434	26.69104768	26.68598876	26.68598876	26.68598876	26.68538924	26.68361852	26.68200316	26.6791095	26.6791095	26.6773233	26.6773233	26.6773233	26.67624373	26.62990233	26.62188321	26.62166417	26.62159795	26.62159795	26.61706975	26.61556567	26.61464146	26.61449394	26.61445509	26.61439923	26.61438745	26.61431583	26.61431583	26.61431583	26.6100073	26.6100073	26.6100073	26.6100073	26.60931509	26.60480253	26.60330456	26.60330456	26.60279721	26.60260738	26.60214498	26.60214498	26.58773303	26.58287425	26.58287425	26.58283692	26.58283051	26.58283051	26.58252129	26.58251348	26.58247342	26.57375886	26.57250018	26.57250018	26.57250018	26.57250018	26.57196735	26.56086013	26.55944325	26.55944095	26.55944095	26.55869206	